3.5	0.000112128	0.0487974	0.000545818	-0.660368
3.49	0.000114023	0.0495844	0.000532472	-0.662889
3.48	0.000116247	0.0500274	0.00054961	-0.66487
3.47	0.000118043	0.0507657	0.00054868	-0.667649
3.46	0.000120362	0.0502661	0.000557468	-0.669491
3.45	0.000121039	0.0505524	0.000560066	-0.673057
3.44	0.00012745	0.0510202	0.000558522	-0.675708
3.43	0.000123557	0.0509297	0.000566048	-0.677931
3.42	0.000126512	0.0512843	0.000573482	-0.680688
3.41	0.000127708	0.0513921	0.000570771	-0.683322
3.4	0.00013223	0.0517467	0.000586531	-0.685907
3.39	0.000134207	0.0517399	0.000575348	-0.689142
3.38	0.000133705	0.0518661	0.000580012	-0.691536
3.37	0.000135495	0.0527421	0.000581128	-0.693502
3.36	0.000138559	0.0532225	0.000582854	-0.69728
3.35	0.000143215	0.0532532	0.00057542	-0.699542
3.34	0.000144595	0.0539338	0.000583049	-0.703201
3.33	0.000147454	0.0541787	0.000604798	-0.704891
3.32	0.000144687	0.0536353	0.000612248	-0.708218
3.31	0.000152407	0.0540849	0.000593714	-0.711916
3.3	0.000156683	0.0544939	0.000596946	-0.713884
3.29	0.000157868	0.0550409	0.000608236	-0.717449
3.28	0.000160169	0.0551829	0.000604358	-0.720556
3.27	0.000164322	0.0552372	0.000628518	-0.723231
3.26	0.000166074	0.0559457	0.000625592	-0.726082
3.25	0.000172829	0.0564372	0.0006275	-0.729553
3.24	0.000173467	0.0567006	0.000619368	-0.732722
3.23	0.000177852	0.0573347	0.000634138	-0.73532
3.22	0.000180387	0.0578459	0.000644713	-0.739556
3.21	0.000181526	0.0571983	0.000651576	-0.741089
3.2	0.000182519	0.0576243	0.000647545	-0.74507
3.19	0.000195833	0.0584694	0.000653299	-0.748397
3.18	0.000189839	0.0582839	0.000651671	-0.751417
3.17	0.000198625	0.0595929	0.000669888	-0.75534
3.16	0.00020175	0.0598936	0.000664392	-0.758208
3.15	0.000211473	0.0597891	0.0006711	-0.761649
3.14	0.000210641	0.0609293	0.000679556	-0.764905
3.13	0.000212351	0.0609857	0.000683886	-0.768512
3.12	0.000221449	0.0617367	0.000668444	-0.771943
3.11	0.000224892	0.0620387	0.000698143	-0.776089
3.1	0.000230844	0.0625409	0.000711975	-0.779527
3.09	0.000235588	0.062596	0.00070441	-0.783021
3.08	0.000242224	0.0638965	0.000700488	-0.786798
3.07	0.000243539	0.0636554	0.000724006	-0.790099
3.06	0.000249729	0.0640776	0.000730445	-0.794339
3.05	0.000259052	0.0653861	0.000718509	-0.798359
3.04	0.000267159	0.0661345	0.000732989	-0.801801
3.03	0.000265791	0.06562	0.000730058	-0.805003
3.02	0.000280317	0.0671933	0.0007268	-0.809513
3.01	0.000286398	0.0677611	0.000748885	-0.813581
3	0.00028548	0.0679511	0.000745309	-0.816819
2.99	0.000298958	0.0689955	0.00074694	-0.821097
2.98	0.000296965	0.0688724	0.000764349	-0.825539
2.97	0.000311256	0.069713	0.000773037	-0.829442
2.96	0.000313796	0.0699575	0.000761757	-0.833412
2.95	0.000324821	0.0711464	0.00076522	-0.837901
2.94	0.000338136	0.0715279	0.000794886	-0.841676
2.93	0.000343159	0.0724161	0.000813709	-0.846199
2.92	0.0003585	0.0740778	0.00080507	-0.850553
2.91	0.000367235	0.0739736	0.000830429	-0.855204
2.9	0.000377164	0.0756243	0.000820417	-0.860629
2.89	0.000383631	0.0750895	0.000834999	-0.864305
2.88	0.000398583	0.0765722	0.000852292	-0.86881
2.87	0.000409398	0.0779467	0.000851033	-0.873701
2.86	0.000417354	0.078463	0.000856261	-0.87838
2.85	0.000443982	0.0795314	0.00086106	-0.883574
2.84	0.0004645	0.080889	0.000861757	-0.888486
2.83	0.000465926	0.0808337	0.000863654	-0.892844
2.82	0.000491646	0.0829674	0.000878927	-0.898716
2.81	0.000492451	0.0838082	0.000886557	-0.90274
2.8	0.00051738	0.0848468	0.000882559	-0.908289
2.79	0.000510311	0.085525	0.00090618	-0.913459
2.78	0.000557269	0.0876254	0.000916558	-0.918472
2.77	0.000579109	0.0882714	0.000928406	-0.924006
2.76	0.000598744	0.090033	0.000941578	-0.929719
2.75	0.000614327	0.0908795	0.000957908	-0.934642
2.74	0.000629377	0.0916996	0.000962763	-0.940087
2.73	0.000666534	0.0944263	0.000962168	-0.945549
2.72	0.000690972	0.0947461	0.000979701	-0.952113
2.71	0.000695443	0.0962673	0.00099977	-0.957518
2.7	0.000744476	0.0980688	0.00101663	-0.963935
2.69	0.000769989	0.0999747	0.00103277	-0.970834
2.68	0.000805923	0.101436	0.0010256	-0.975543
2.67	0.000833996	0.103292	0.00104028	-0.982288
2.66	0.000875645	0.105358	0.00103667	-0.988383
2.65	0.000927092	0.108599	0.00108865	-0.995289
2.64	0.000945539	0.109089	0.00108321	-1.00143
2.63	0.00101322	0.11189	0.00112479	-1.00798
2.62	0.00105998	0.11389	0.00109735	-1.01427
2.61	0.00109632	0.11743	0.00115048	-1.02158
2.6	0.00116059	0.12008	0.00114346	-1.0284
2.59	0.0012404	0.123208	0.00113922	-1.03552
2.58	0.00132176	0.127218	0.00121048	-1.04267
2.57	0.00137386	0.128954	0.00121517	-1.0494
2.56	0.00144289	0.132122	0.00121729	-1.05705
2.55	0.00156507	0.137465	0.00122419	-1.06504
2.54	0.00166578	0.140461	0.00125616	-1.07296
2.53	0.00176691	0.145121	0.00126823	-1.08114
2.52	0.00190646	0.15163	0.00131918	-1.09014
2.51	0.0020141	0.154573	0.00131473	-1.09794
2.5	0.00218507	0.160544	0.00136696	-1.10655
2.49	0.00234493	0.167825	0.00137934	-1.11556
2.48	0.00251109	0.172331	0.00142223	-1.12419
2.47	0.0026555	0.179546	0.00146375	-1.13354
2.46	0.00291614	0.18736	0.00147011	-1.14365
2.45	0.00317857	0.195222	0.00152167	-1.15255
2.44	0.00342067	0.20537	0.00159814	-1.16223
2.43	0.00375884	0.213934	0.00167637	-1.17314
2.42	0.00404791	0.225872	0.00164482	-1.18371
2.41	0.00452011	0.24025	0.00174221	-1.19504
2.4	0.00493834	0.255282	0.00181548	-1.20714
2.39	0.00541496	0.274012	0.00191523	-1.22011
2.38	0.00594835	0.291419	0.00201741	-1.233
2.37	0.00641002	0.31077	0.00208353	-1.2464
2.36	0.00691635	0.333355	0.00219617	-1.26114
2.35	0.0074826	0.361993	0.00231119	-1.27631
2.34	0.00778176	0.390498	0.00251386	-1.29292
2.33	0.00813298	0.422759	0.0025902	-1.31049
2.32	0.00830296	0.45208	0.00273206	-1.32776
2.31	0.00811238	0.492362	0.00281001	-1.34804
2.3	0.00804052	0.52661	0.00290156	-1.36766
2.29	0.00736555	0.562545	0.00283766	-1.38728
2.28	0.00678041	0.597039	0.00289541	-1.40603
2.27	0.00587268	0.630664	0.00279095	-1.42711
2.26	0.0050182	0.663217	0.00267356	-1.44826
2.25	0.00432894	0.685882	0.00258055	-1.46377
2.24	0.00352241	0.712193	0.00247465	-1.48286
2.23	0.00275144	0.734264	0.00231923	-1.49985
2.22	0.00214688	0.754323	0.00219513	-1.5174
2.21	0.00168934	0.769932	0.00204313	-1.53126
2.2	0.00141642	0.784074	0.00193214	-1.54676
2.19	0.00108019	0.79646	0.00185913	-1.55936
2.18	0.000890118	0.808358	0.0017464	-1.57359
2.17	0.000769907	0.818035	0.00168276	-1.58587
2.16	0.000617781	0.82766	0.00156576	-1.59833
2.15	0.000531771	0.83604	0.00154515	-1.61041
2.14	0.00044796	0.843857	0.00146452	-1.62091
2.13	0.000379609	0.851146	0.00138307	-1.63236
2.12	0.000338587	0.857175	0.00134273	-1.64242
2.11	0.000310495	0.863126	0.00131489	-1.65242
2.1	0.000277556	0.868728	0.00123959	-1.66195
2.09	0.000252777	0.874362	0.00120155	-1.67209
2.08	0.000233147	0.879283	0.00119148	-1.68078
2.07	0.000199921	0.884325	0.00112885	-1.69022
2.06	0.000195967	0.888408	0.00110617	-1.69814
2.05	0.000178376	0.892721	0.00105784	-1.70667
2.04	0.000160368	0.896868	0.00102513	-1.71506
2.03	0.000146747	0.901003	0.000956918	-1.72339
2.02	0.000138361	0.904425	0.000958728	-1.73056
2.01	0.000131736	0.908132	0.000949089	-1.73889
2	0.000121159	0.911209	0.000898935	-1.74548
1.99	0.000115692	0.914579	0.00089963	-1.75278
1.98	0.000104656	0.917737	0.000866787	-1.75971
1.97	0.000100163	0.920605	0.000825923	-1.76672
1.96	9.6132e-05	0.923202	0.000800215	-1.77306
1.95	8.7784e-05	0.92621	0.000774296	-1.77968
1.94	8.28228e-05	0.928794	0.000756637	-1.78591
1.93	7.61657e-05	0.931339	0.000723169	-1.79208
1.92	7.26698e-05	0.933519	0.000710361	-1.79745
1.91	6.79112e-05	0.935993	0.000681453	-1.80376
1.9	6.56611e-05	0.938408	0.000661997	-1.8097
1.89	6.14982e-05	0.940395	0.000645976	-1.81487
1.88	5.76003e-05	0.94266	0.000622831	-1.82063
1.87	5.66355e-05	0.944612	0.00060747	-1.82587
1.86	5.25232e-05	0.946516	0.00058601	-1.83089
1.85	5.09726e-05	0.948228	0.000578458	-1.83579
1.84	4.88106e-05	0.950361	0.000562957	-1.84128
1.83	4.61145e-05	0.951821	0.000546032	-1.84541
1.82	4.30091e-05	0.953675	0.000521126	-1.85029
1.81	4.18663e-05	0.955323	0.000511608	-1.85483
1.8	3.97994e-05	0.956989	0.00049814	-1.85975
1.79	3.85442e-05	0.958342	0.000482335	-1.86368
1.78	3.53485e-05	0.959846	0.000461283	-1.86776
1.77	3.4432e-05	0.961331	0.000453517	-1.8721
1.76	3.22582e-05	0.962757	0.000432983	-1.87615
1.75	3.19232e-05	0.96406	0.00043278	-1.88005
1.74	2.99853e-05	0.96531	0.000412712	-1.88359
1.73	2.91975e-05	0.966588	0.000404363	-1.88764
1.72	2.75765e-05	0.967829	0.000384635	-1.89125
1.71	2.62757e-05	0.968946	0.000377186	-1.89472
1.7	2.49611e-05	0.970169	0.000356546	-1.89847
1.69	2.40789e-05	0.971142	0.000349434	-1.90137
1.68	2.34204e-05	0.972316	0.000343465	-1.90506
1.67	2.21997e-05	0.97327	0.000328993	-1.908
1.66	2.14451e-05	0.974409	0.000315129	-1.91161
1.65	1.99462e-05	0.975301	0.000301873	-1.91433
1.64	2.00549e-05	0.976145	0.000305499	-1.91708
1.63	1.91771e-05	0.977043	0.000291286	-1.91998
1.62	1.85352e-05	0.977951	0.000282754	-1.9228
1.61	1.76108e-05	0.978815	0.000271218	-1.92564
1.6	1.70064e-05	0.979542	0.000265324	-1.92798
1.59	1.62134e-05	0.980373	0.000252414	-1.93068
1.58	1.55264e-05	0.981135	0.000244068	-1.93321
1.57	1.45818e-05	0.981917	0.000233641	-1.93572
1.56	1.45415e-05	0.982631	0.000229931	-1.93813
1.55	1.36733e-05	0.983359	0.000221392	-1.94048
1.54	1.31531e-05	0.984072	0.000213844	-1.94285
1.53	1.29772e-05	0.984638	0.00020845	-1.94486
1.52	1.25104e-05	0.985264	0.000201348	-1.94692
1.51	1.18011e-05	0.985878	0.000191881	-1.94906
1.5	1.11283e-05	0.986592	0.000182427	-1.95141
